Number of flows recorded = 875

============ Hash Table ==============
1747567520
1707555855
928757463
1908746050
272447603
1761906762
328497973
878408321
502020381
365631593
1914105512
1316928916
2049865949
443596173
2073619158
1787418551
1335052621
48957638
1078777076
1298276849
310812494
1847072672
1504567286
949682205
342046710
2022936227
1909194585
847737906
1289094960
933091616
318409673
995644347
517809438
1786354447
402290406
165845758
6386022
544837240
128203538
801960167
716073128
82302393
656826237
541334018
114678796
83765951
903862735
844152971
1831795481
475197827
2022506798
2144774505
1363279141
1060845110
212205383
1260534202
1807108632
481638978
1115593999
557045743
1573601706
1101241509
787741654
1940914288
73761015
1292377093
847394571
540002887
1190131302
1552635253
1882575488
1927875281
656031026
67087739
239044844
1816510274
1421136806
1689127384
137159239
600261464
0
354756235
1675288682
1330138048
946595216
0
1280513694
1290192168
1179227916
0
232145256
1761207146
305839034
459296404
2035037753
1079124794
2146522039
576189410
562678022
0
1929463317
2053669116
644975699
1776080532
1421967861
1762476799
861095997
19239984
610915602
236068308
583781015
782185172
33127089
154884509
1316329267
2113862536
1541420557
260206018
82971290
744126737
1832250398
886816752
2106811579
1092012160
1401088890
1430260414
1462756287
646945487
1984173464
1793018982
1875004569
1113426141
177808705
5159466
1187342085
1754124281
2079791514
1221342874
347297418
772346925
605318713
722848818
1399281041
300940644
631023753
1780966543
37613949
292387561
153814636
639658406
2008563948
1114865946
1284177724
1588186095
459529331
1796325405
189078810
1240716781
928890888
21114122
657077900
1946208521
38183477
0
1592675264
107496585
1698177046
692018388
499066994
1007103843
538354564
1401124390
922176031
941366929
318893447
1720077399
1370697445
1422947197
648538012
1384479953
621836256
740860602
2136301193
900166652
1111750757
1993653930
334337504
1908461619
1840817127
1135748434
2079945052
705902440
2096158129
1279385303
1106283428
1033135608
1931057369
863829418
2070946822
122539670
1553773988
1749779715
1436864962
1865965552
1279640378
588273120
1877202869
1860267625
1391247590
1222673224
831461849
336816043
234485413
390161857
1333626255
1513817853
882610367
1821394461
966464769
2057384153
159043236
582204670
1874352171
1746426501
45965240
69010211
787493400
850067971
1570539426
1378674522
642713870
1608964542
1676735486
1935314412
999099064
789982561
1453508404
1155950212
722108889
1887311305
68074455
897234362
0
292516721
12489082
1434763159
353298403
1140986200
1290438647
339038060
1460626345
877412880
507729930
0
680627331
2015076446
976920482
717399382
595289186
384428233
1383784080
241328451
2127721317
1695271213
1100594533
1667023947
949727818
167033424
377091544
1815254297
1682481831
550767009
46653485
1238648205
410811729
976663749
876505814
797384003
1773960021
2119090604
679658374
1870678102
2079619871
1635883797
384736978
1623688827
1594323130
1865887135
2112135988
1749298203
1784628567
1626955831
0
1550344004
489158416
167484986
1625868588
1607427354
712262154
2137912890
437307518
274073206
270140183
1844635667
769716987
1765005033
126199008
1592838195
459675276
99805872
0
1476300843
787448817
1523924420
360930837
1176451505
2036765669
871171881
0
2127529368
500873280
1937789816
488693619
1224015798
232432344
29822767
971530552
1059539478
1927122776
1053268124
198268542
1379131376
1856038812
995532144
801376879
1935486012
1113516657
576924305
2062412398
2007128822
877055591
537982920
1780983417
153890387
732931364
456246352
2084776695
2088143898
3073869
1459175987
760887921
1285273830
1602678380
40252155
557645183
1529085875
541844382
752886130
1766156000
410993423
807607246
315864924
1327604186
31592221
520559461
1103806919
141891130
1223222415
100975559
0
2124338963
2033806454
1520469784
540103061
1991749839
1174957069
968052164
290525941
1819684669
1634415184
602168412
2078348848
446631569
3598945
619144078
2121313997
1786208360
1666603144
1630699404
1235390896
1789145367
622860617
1382932820
1593833194
790311261
1604778387
1689258124
1133847381
199262554
1562671697
1102128391
2026618591
598190261
192109199
400266398
0
2051797003
1954303899
249833921
0
604146888
1577211260
22811450
2082404777
1690982537
1217188579
357686999
749349725
1706971271
13935297
464148395
1457261836
775461587
527377053
602379549
932999922
560839511
16975599
1828228054
0
150299780
947458207
1713190940
986150670
1440994938
1186127621
973188125
888921535
1230557080
360917247
1274782185
792532349
1641417000
937870427
1095438720
1062447775
980418501
836784451
778668915
1381354499
738347963
1485737475
352310685
956340025
786915243
694385952
1474254044
1326753435
468992118
285840567
2133393844
426327174
0
600434222
445842614
1733916927
2072693192
1427547967
1951425555
1114860040
1000582082
1418096361
1121675296
1644592816
0
1401400772
791212547
1832023197
1339951176
177445501
277290891
577993756
1928471870
1968409715
1132663470
317023610
871082878
494383264
380337221
1919093889
61808669
1968704392
101980377
1625104095
247972535
989373959
1805576315
830100997
537176178
1264642854
1274782930
1152356905
0
0
2012737196
1555541131
0
1279479618
1690840724
1390374816
0
182304738
117110956
0
1541379039
1911305
2116694479
484261534
1801179968
1731317985
2142276603
247475584
1475704315
1611898846
892896539
1730604533
1715393470
1215068485
663473506
1099658507
1269943056
1804635432
1831384829
253113171
1121759546
1652490667
1458579986
1861671728
2145618304
0
2078108269
546190152
25560841
889875995
373643323
26124384
1481914500
1792794983
1123770660
1041949337
0
1922294692
820736071
0
1579429525
1723070745
2127560609
481685112
816471557
1856469308
884042921
140073199
1984409705
200729495
1591575879
1872131904
1425891294
642694891
2011606941
1207504330
1261858418
1630184616
1907044011
1488309423
334393096
245237152
1185417299
898375598
913632304
1524776464
312921672
576341395
918824647
681163261
0
0
232682404
0
573578032
674658248
688864159
1648101208
316319418
0
1982883513
0
2034322152
418269956
1913170990
1653684968
156530192
192067548
951586755
1464924851
1639155801
1871791963
0
49456581
1382361795
263172646
1260256476
1275830906
52396337
451052939
76787347
4085351
1684898581
557489393
809284802
1667987863
332726200
1725360604
1330395496
1336476243
0
813496690
1063553008
0
0
2059842674
0
0
945459954
1648569764
1344674711
1366396580
1714157402
1322326897
602045580
0
1504001779
951064315
118818314
381807497
376513013
0
404913299
1716275232
783634082
1525730272
1452968973
1593684780
694145273
0
1169720404
639481423
0
948090179
1567030051
812167903
1277800447
1240149487
814524275
1446884454
849663546
264374388
1247735404
1234661063
764597151
336850919
792629550
1995630672
1521073019
1314109101
1880366669
358708815
1683706453
544012686
0
878885199
35750589
83220132
678086052
1250745046
1548913367
2033318984
1033240801
1759228375
313707728
1044326860
34190900
759796102
0
2077753251
1724350020
2027984549
1455986568
281930092
698829934
1652812085
527744074
0
1595583692
1861986100
1687573069
1052405146
829933815
1888623590
586868753
241200761
737829642
572392385
1885181948
1314960393
0
989386727
0
1513934211
0
651133321
1785836878
474876768
607425803
821897509
201145665
743857820
1569891415
136358732
999678543
0
1328205773
947423126
649259179
2027644865
1970160510
2063482750
1371162703
1268228473
0
445054456
2048754046
1996852755
1625656710
1803497673
2142990164
1448608874
1088949913
0
0
1710924573
0
1255668708
1070513774
1731417902
0
976389165
1963078490
0
1639408393
0
0
1995574460
0
478545366
0
1828735193
0
1775616633
1530375818
7551298
503095913
1601639701
348424985
1804454240
2038305618
827711648
183543920
933364032
323871251
0
54618453
1985613234
88468095
579731593
944987849
1625673500
1778575443
1112309879
1474946612
453609217
1894439482
1142962416
917162774
655166933
423728417
1275615705
67611000
1994800875
0
447532244
334900752
1655951248
345420948
0
0
1029454426
1565087261
1087737667
537379890
96785626
710842093
253836358
162933840
0
0
953969349
1248518608
1408695937
1093548643
0
86356257
2042787097
132473731
2086245111
0
1822511602
0
2129625781
0
2017721164
1127123442
1334752545
643342571
1579820966
0
1737053381
0
0
0
382355615
0
0
898536101
0
1652884836
1413329541
645326550
0
1376205617
655223244
0
1166201470
0
679190121
1927908820
348784154
1221203199
0
166134453
0
0
0
536913131
165768951
0
462875376
998909723
395039989
0
189510887
1921163094
0
2137898504
0
549535143
40784143
0
0
0
441095434
0
72518534
0
0
0
1490680427
1557906763
1707228363
916096316
756852441
2065461346
1266701494
1703337025
0
1360647042
0
1252065496
0
0
1049184186
197046515
806044675
354507062
1270867754
941710512
2015888653
1541876709
600609953
0
0
19317662
1669822423
0
1739933253
505050333
0
0
0
906267613
80233705
1791343638
938614756
150357861
0
2033771556
961457487
1337366342
1768553510
0
0
336421232
102709072
0
87328987
803522708
393285847
126825301
1093815548
0
298746345
1343594333
0
1903443209
2085109103
0
1362309729
1995856504
1275581128
0
0
314608010
1150789935
0
200199581
1666332018
2118867998
0
0
1395305582
0
1961746534
1263414454
0
0
1617474938
163892856
1660557161
0
618517886
0
317237251
937131136
2022827448
809094427
1861027245
819390400
1519747514
0
180497344
239837208
1988917556
0
0
820795892
791564596
420519810
1371157168
1886294210
139763126
378696428
1703879962
950336554
712097106
0
70805713
1862982885
0
1274083686
0
822569816
