Number of flows recorded = 823

============ Hash Table ==============
504796876
65906176
1626688630
495534324
575174977
601178405
0
1697526818
472030826
1163948438
507944341
42092875
292906969
129728482
2101861431
708092795
460954148
147139472
1891006273
63223574
1146493681
1203889534
336997316
0
0
2074653186
2021743426
1610034812
1740063545
1749966065
1223267340
0
237205609
82568403
1528890060
574543421
78619027
1761635003
658383477
453580993
453443733
164101828
0
1767054201
1284254315
1327429980
1846121861
1770215655
1713817602
191268806
649414222
588110265
1294755419
600819726
234401784
279570573
2119611901
535522186
1463894055
1541301885
0
1693798164
873631530
1882839214
351113642
0
1343343219
1871019741
793943526
175234523
2035193831
1731899139
937154773
719931222
0
1728198226
0
0
1429952808
1859621124
868926905
1555968533
1540243627
989442049
0
226001210
283530737
9456123
320495947
902450852
1661415282
1130476629
299643817
1743036125
0
1302305132
1068750239
711018610
0
1666857149
0
459993939
0
1138785624
0
316577468
1850595972
534202560
1251781088
0
0
1966111227
2073251112
1699827929
518038243
1897328779
1117413458
0
541096888
0
274230234
1263933732
1361307055
0
33033198
797629604
822453376
879902911
1783812300
873807293
1833296204
1322057462
473464144
1718623661
561169270
112510781
0
1934103891
1776115662
0
1949367985
406843896
1327491410
1646071181
328763202
108611614
2065264370
0
323148655
1006603228
1733213268
1285136928
668906225
1457436459
1517799256
2090649536
569703952
2073296636
1825595856
1487917974
1199611383
0
0
321835964
1560036529
1834482546
1757064466
885842468
1652619210
42419269
536094323
0
0
1025407599
260622705
1309612012
1000802110
0
1346529826
866894033
0
0
2113208810
2095192512
0
1385700485
1553349142
313128295
0
0
1532494080
0
1471408368
877234868
96856084
2053614648
1991908606
746167432
1489512719
644855643
528132224
737368647
790860024
437305880
915096436
1946833071
1173106256
0
238207004
2036071640
0
0
1589380637
1191751251
1669302892
1684773283
816212648
1000311887
871768145
548024535
2103544516
67221115
0
539608269
1225203687
1730664617
979404095
874562865
1127085096
581949126
0
1213167846
451273249
883646808
1272789272
243753879
545649171
1307070100
1801147890
1511446176
1487719463
2011549419
0
0
164699348
858052478
320162092
583012647
134218130
1338553351
845480494
0
1174358983
951782390
401387075
1416573536
1495032973
2085411672
285986256
522209927
443662159
1689538524
728210887
2109426131
1948319973
0
1133024203
1977631909
1702150082
938172950
0
521060608
814492820
1356153852
1991669746
1428055552
376611678
0
691788335
1163830831
654250152
302368757
190292464
2062536927
1165277395
2008497225
218973096
73603110
329133546
1735609975
1700726088
955596533
0
979391688
1274305338
282644857
1877286948
658207915
0
254633883
1018186891
810639710
948015912
0
1743112543
601156854
111696594
1742344444
218581151
0
1020349923
0
518603863
1851097586
1521814661
990270998
1932226954
887907179
0
1134215264
1290638658
1737534590
46085548
105101743
1102847686
2146780244
0
730059722
1861252636
0
481271410
294998035
116481440
1696332613
0
380802871
0
1935704668
1871748771
503714791
1521313838
1277666651
508168619
462538510
982627897
616397653
1985419808
718377856
0
1398451836
1377044100
806263887
0
231864938
297995174
217790543
1243651208
0
1983357023
1629662485
785780870
512120902
1848744161
1983086946
1042473191
0
0
1621903751
0
1256312283
140717808
1178017542
1927958558
1237326798
846409675
922257679
775994574
1636480561
1162619908
1068721338
1782374280
1085158686
860050861
721855146
0
386156269
1693586846
0
0
415994211
1249729084
2030965497
1909032966
1619694652
29460854
1531168839
318398015
0
1087517259
1237539314
2057936778
1633124690
812046238
313787418
0
1213291819
842322754
0
148848842
484798195
0
1702464261
872878509
1604468548
181735756
2123849684
1606213529
723269367
753961542
1914002120
198503448
1929844265
1155280302
200564092
875176120
475651368
507265459
346179096
1674390145
1400147304
982694131
477084927
628027600
323033376
2098823130
563030914
1860622686
71114387
0
2057362151
1096920948
110418033
610677415
633628031
155071310
1543041081
66534914
1464593506
1036239241
0
1656536123
1167388403
1340125233
488677916
586544011
0
271124659
733828944
0
1089537647
2115367587
933119146
1372259854
211829177
92842645
1944603362
1341417378
2113305846
985939482
1645843156
1648350122
0
1888054095
1247561579
1737597478
0
648943155
0
432350879
769681302
597935240
1638171703
1829198226
1971930343
0
573751186
770094698
1081804237
0
1055249560
1891011044
2081137220
295124359
764150295
521554412
867803482
514063788
655913539
1117493312
505073210
608097084
1791354533
1196554520
1346431387
0
265328027
0
2136339477
488807790
1872926037
0
1086650171
73552891
1139421059
947285855
860460490
604672129
1573384622
356838973
2008401354
1743491017
0
1309528191
958097199
1035166893
422270213
223015459
1559961882
1512443650
799866259
422648026
439118730
197505444
1022480746
1854919449
1930477528
0
0
734375769
172603760
2046042613
0
0
407986851
573919591
20339060
0
1408144582
640596385
631887126
1922348585
1575892999
263566067
1874375688
1534154773
1112425601
440853749
0
1289253619
0
216115923
865436880
395144608
2092655135
1046192350
1124941693
855832375
920439562
1811465842
1680838335
1058051299
1175426751
1354860767
203366466
0
1000613819
499244970
1417204497
1586010526
681104490
1706070896
521746725
1940096689
1501003519
821623006
1341389784
1230935684
302288085
0
0
0
201049103
508863163
357743711
2131159539
83307963
2080427501
2050082144
0
1429530472
77355775
138574650
1500088401
0
0
0
1159280749
0
0
1232849470
2091653161
0
360249394
1072344877
0
943344643
658063182
1035683477
0
159179198
1310839579
2068142742
329414489
1621947298
1160255004
612509775
1350665367
1178024938
1540536621
1391921360
2062423373
478964570
327482171
0
1628240921
580416968
0
913849386
213426607
0
589960128
1667436415
2120979806
548831303
1721406033
158558172
1066195064
230019222
2095853542
1920214700
2033195209
1838644603
258381288
1036603573
955408124
1684937716
715154071
1597740570
63299334
1462082751
1011344002
501036949
667677740
279634750
543274762
2081377368
0
1677746124
447181167
229737282
1190958956
919610090
1183519985
100509629
0
788810496
897885206
149496190
1356684896
1251187195
0
385198778
1854517174
0
1934937089
1173178538
1576866957
1744047318
0
1090481917
1349579750
942669090
0
2119146924
483025955
0
627016036
313313746
405079919
0
1075189444
744436251
1648281704
1698631641
0
84189417
9165148
1546341954
668228212
835460120
0
1848278924
1096140007
879059681
0
809073400
1014604679
1385921588
1231497608
1750415035
1544682911
1601098624
1980379649
473152067
744760172
693031208
1749200066
1120442251
0
1331429808
496189907
0
2085543548
608101986
1692059389
2081819450
1018911793
1251891417
1152825354
387933868
348283395
1339826764
114820957
458815615
937580613
42920716
871017733
1876691202
1906202106
0
409695178
1166397368
1047322116
1677019389
1297280666
1803696998
85217475
0
1566599802
0
0
1604077248
805611186
916077905
1572838840
1709743873
1493912479
1381833737
1401802505
1735031091
0
2023563172
0
1906741456
1144633840
2039525222
442718402
893405527
1767717448
1236982045
0
1177484001
631827686
976443974
75438971
696667562
0
776484889
0
1568538507
422740819
0
0
1165861016
1010070748
1808894149
306335163
826144448
0
1259005862
264493065
0
755269656
1168923088
588791558
0
638126710
0
0
870150106
0
673455216
1220273012
1407876791
1701925411
1934746865
443326103
1454984674
0
0
1736687716
1056940888
694470518
0
2126613681
1403696479
1702402929
0
536546591
713130486
976714316
962921276
0
413979288
1064623638
616487151
1973373417
1576899240
0
1689290975
1966440877
535272999
955173794
0
2123133290
0
1992424123
1682314699
208083747
0
1245952638
1515069609
1697327162
564327186
1787473806
0
1590729812
1579938721
0
77982240
1066815281
14015378
0
1811218779
1587076440
0
1293137444
1297643622
0
0
1095182565
992098255
1750017706
66133987
172748162
1764666658
0
46479742
708262286
362299969
0
711154084
1300788375
373063593
1771003524
1528659456
271237433
1461386154
0
1563029630
283989761
0
1840696518
49485145
188010330
2140904128
1118630426
1944454516
2076429245
374042032
922246013
186550229
1458483236
345552976
782336774
332737423
157418188
0
1205118095
0
1461923795
0
1141952688
1894950431
0
1687252162
1468583421
1164209551
281277249
0
1762032120
0
1822273889
588136687
1424089333
0
0
1082056356
884702248
1401120403
0
0
1706541523
1957988523
815633532
413920889
0
1707053806
2063281421
886565535
469583557
565918602
1339384673
435953229
2029415059
0
1058647507
511710766
44235726
99019502
52633332
202274845
1524386632
1908727141
0
1174587826
0
1202609104
1018024394
1800237095
852049273
0
395046549
198523436
0
66093340
668444978
0
1676879460
502765414
922855366
0
0
1639429250
538920106
1538730114
710705680
0
1151043408
425194322
576755772
914281314
1867774812
874500522
1659644097
1719111108
0
1743770094
1477464404
936042962
0
1316714165
325867393
65129081
0
138358641
1611366978
262260938
265300551
308579595
