Number of flows recorded = 923

============ Hash Table ==============
2034000311
396539188
2144410364
831307955
290201773
0
1218091991
1332360130
70499368
1611973332
1958559783
1861758283
385816339
377340476
296491480
1324337599
305347658
736878531
1435985728
441774613
1498799705
1907493109
732005331
1524683547
585772192
1903327775
913312736
1652225631
723513153
1361481342
1612544942
18297304
1938755281
1045293493
193729211
69498963
1715993470
914982590
1529706159
2022580216
0
2144104581
1594250701
849893616
153032777
1200688139
1185620265
1008809256
0
1279766491
30148926
843127755
900347533
1675852996
1337413353
1851802986
1884815581
0
1714236395
1578641093
0
2028040765
590802581
2062718233
1684343890
573880595
0
1944149775
199091006
0
1725684738
0
2051269126
2014979155
1071958795
1070740270
1066803401
1685381476
2060988739
1460164880
1735438376
486401175
1803617734
607406617
0
499123316
1987466686
1626834296
2125716138
429827349
1795916670
1178607887
1480587094
1028662671
1192063434
217185198
356600150
1631908528
2131473453
972375619
344972472
1440745324
1118065536
878031971
1355984719
1100576241
2104338165
2030615728
764794680
280678200
621797683
307870615
1271144287
15625253
824240893
892038504
1540705568
433707148
1290853636
0
1016116206
1496209773
1869495218
216556220
1140889083
1269749915
1315198017
1706031442
1192378771
454551118
1311754992
1900227488
51124260
545910092
0
1303387100
1685591666
650301343
711829573
13016153
1084757328
0
1579254493
573355308
1687496378
199798690
1297356980
1137584857
493324490
1791300686
1660562357
1637361091
1673072157
0
1839186111
1619464299
1507881154
904014810
808213495
1870152259
1870045132
749154499
668079739
73372370
332465641
2144580771
820742647
0
466556707
1374636129
1820250776
1972202196
237290935
1292771835
0
1439428207
1476953792
1367146942
147906243
1731134622
1067105086
1150441933
952756268
1458958155
449309912
737870508
1779829093
241597668
1537773777
1792579736
989176852
1974514214
2004332193
0
0
879499386
844698512
524051519
254653150
1481901546
1748733497
1939319004
1980048641
1705563457
1972315543
2060369726
0
197883113
1465770824
2123809565
75428699
569336778
2088043279
1655345081
1783036755
1247382459
636908517
40156042
751098196
1512000601
984557022
622065955
1439360280
524100994
0
1922902760
638431324
1451152964
2100884595
253039662
0
1389531406
0
1294190511
807761579
0
276721355
770819841
1137135188
375681833
835514524
1074689950
566211408
2144247695
0
1949556474
1336028075
528293568
0
1551124751
2040990639
1352923498
1413499001
803549766
875161192
1735379607
1382962264
88589183
920905334
1629492545
2000238186
990873892
77638636
1453025510
1742390736
280038533
767343448
1254796717
1132082683
289549450
266913442
1175253884
1569936386
379552860
2142484254
1974929631
539821718
1690455685
217150040
1887570742
60849943
192480399
654089532
914214964
224370457
0
1026623020
254240482
1374409200
444874015
1142929247
1602726965
1465990135
1581533000
474304830
311625835
1274698535
28133252
0
515253866
866396735
0
1977646035
1409571955
89006221
1298419434
756659786
81520683
516715438
1366170911
1811738972
1224158690
1038366173
1181716823
496307678
1163289132
1651518589
1701234977
299576697
361879772
55619212
279207258
1350021262
1199365499
1950976921
293685001
669177711
93722089
1499941044
1271253332
85574986
631222969
1448885138
655300501
0
1292453153
1150120145
861527567
620440725
1402304351
1505191269
0
2144659655
1825315752
1091135350
927466656
542847982
1215040492
1327740660
2105955683
445158248
939724116
2033464017
1288955141
1370146073
0
738168294
1066708219
1967173103
1206974784
1360345904
2001644315
128937128
690045367
1655099436
941469095
2119242560
1642132395
554815245
1314376133
0
1836376956
1896721612
1460853559
843898659
649420827
894853700
630415355
146355868
512739852
1938093314
2050932250
80253373
1603418344
424552640
204411410
1677779683
1938402858
893674372
1201179506
422686711
1806858801
707875194
839207185
1096700915
702118692
913187201
397971392
1758050983
0
136453344
0
349900448
1141829684
613146240
752682112
748478580
1360625880
901344174
1358944601
1480326767
2103330946
301503887
1290019687
645708009
2124244605
1898737290
1311181309
24169709
1410218874
1562155139
1290352067
2033549818
73686676
479299494
1277344225
573574774
0
1270049914
935444056
460292155
2080425520
376072182
222935639
480313504
988942958
1634262895
329090178
853378903
0
1615991355
848805967
1774048278
617352400
424427309
284501239
1142348068
1031788249
0
445940826
52215082
1697170372
1048814235
1272880495
0
956832669
1137115204
95861759
86027828
379890044
1162342508
776229418
627632890
16429913
0
1017721163
1257311229
1843544246
2086256130
111193623
624770354
1633349011
1129388130
885868682
307884625
1889468250
506349085
660055878
54900859
1088231401
1513527687
353265754
1408228655
980010709
828369004
0
976689843
1261807517
1198712879
1939989436
588079923
1797554629
1844485563
544144769
2042475459
1798347985
62305614
143808636
1041072947
113646166
0
0
1890899763
1885768128
126741234
1089723291
1218878190
357025831
1755056457
590768455
1051874736
2039586129
1611790617
0
522140626
1332738688
1566738237
318970747
583800728
0
0
1436225694
876884553
2052149474
1082248781
1639715961
1190597728
1324485875
883811329
53232079
1884838824
1240165168
199626683
1963451724
0
2068334699
1092813717
1693878236
393042886
392672321
919552781
1379974298
1618778185
140521245
602644926
736392531
0
1094038925
1247446081
1015774198
1578642586
561039095
0
623005585
596647385
1057671073
1131612095
1333098562
1544958710
1529216571
67163159
910394890
1279526588
1255236315
410351872
1344880245
1868344583
2055755658
315029988
26932579
1477532329
567812711
1031611751
2073922391
1510234174
2133032093
1186462360
1417060389
542949328
350533124
1134015936
2116941633
0
1805076633
0
882681537
1262362950
1344530979
1700908145
552002898
356914860
0
698501184
153098893
1336071297
864993195
322136525
264796204
1285205879
896749913
865866393
1108661479
1061215990
2033231403
413907256
715486276
1516461840
560920764
2084635491
1785490450
862999419
782515371
448218004
1359515448
2145423575
1730697178
790639867
1227455037
1178484139
1023365129
1474311266
343259809
1261679915
326433247
713956413
668857137
0
1007617457
1518569360
1603415712
138538738
782803669
1858203428
1558630895
57462572
1751926288
1205267312
705507765
1792254254
855038859
0
1144651773
1875527520
235196748
24840352
1114878717
1967909938
2143890536
2099723182
1810878519
1798976595
478504583
1909622153
947235246
2146954439
2064110924
280154572
1509728264
2081879136
960266240
1658719645
1791124894
1868065796
1735618103
1479253717
2138315250
545698011
0
2011327479
559000044
422663762
190744063
0
1530590075
466014045
425263634
230268996
1671076850
1619844556
518130740
1894536363
0
609270883
246878290
1334567029
1511149768
869753261
1451221787
1706465578
2033826388
1667284407
0
203648693
384861414
487449668
1852507562
1399002493
1992794998
1092030036
2107225440
1948423666
1658553317
2050259467
0
2081468335
951931159
1824236841
1683441935
475604799
2062027941
203715124
0
2025864562
1547079519
1477697687
133339134
631778861
611063141
1602471820
275320115
1821711226
1783197968
254671363
1750270361
875325198
1537073059
287759077
1771459050
718676818
0
2026805794
1012501128
277925268
1590257597
283145770
1326771305
340207682
1750437905
1560563918
1556730013
242082585
722461934
1050827585
1352824379
1158836599
135383980
1020767288
884493257
225564890
152710238
859407683
1920167357
1608841426
1648381136
657924036
1975060010
743420742
1365950062
630264141
1100176277
2002154335
247665167
1736001344
1988210706
679322252
10722728
1163967529
1546061498
0
1839811313
0
1501470084
304663921
1824200042
872190056
353326544
1601930904
1476167197
1261683949
1049265686
1387053610
1176033158
764158961
1851830576
1473177525
2097497527
1166541263
1396585204
844291948
853690226
1679765563
1020126233
963892139
0
1757027388
840352856
198510777
151014767
150701931
980019770
235716418
0
721829037
1576350277
1485610983
1900896036
2030366744
1869107944
10714641
0
1977130572
1839770403
1579967843
1743417218
1990102338
1431247487
2016296306
727424178
1500559140
2030130900
1100856788
172574107
569157825
1753766863
2017653883
735109263
18435873
1308972672
1639769295
1529439090
1314975433
1886735743
260234410
920193646
1655891170
147870798
1951199520
1806502046
1221482468
1686320542
675210611
1229881495
1388021722
1027365734
1540174538
1162745896
485568652
802560284
1881431693
0
1471778255
209280053
151272905
963354207
1585577477
965273957
470498381
322521592
1261961018
1803374918
955570642
615924731
789708166
1171872010
2009893046
539112625
713611726
761080550
1682683757
0
0
2098582960
326124109
243318920
1397497074
1620605392
1169220332
1296530459
1976003949
59958893
1603992272
633528197
0
234050038
665117239
1558216417
543076774
1751989698
749441189
1044529415
299062830
1720501013
280179132
841895581
732271827
640466996
855064608
1330374864
1062858732
299041335
83466452
826417130
449524978
0
1481111283
135078123
810731440
2146631689
2086716438
2767062
2068545045
0
2092336087
583366998
1117767564
2060509943
1297071900
586078104
697662307
1319574548
1374786714
0
608280386
1687642337
1997388245
1689684350
274673630
0
2123514432
1913889766
1806409717
529996714
1728155661
44677047
2141276405
1115728789
1351138547
825329221
1130435984
1615503265
1060728615
317336339
716889661
748180949
1603365023
266261182
1696344816
1322986418
1421595768
1899177129
1340370389
911705730
858505067
1267973705
0
1510126587
1729127602
425174759
1656471171
1200901244
0
147098478
1105380664
0
2013333070
2132304677
61316633
9089027
113788159
245674493
34353479
188257685
1504943958
775080199
916997768
1857066477
1316199901
1143445099
707803674
0
1459164585
1345755148
1051576986
2045150689
4248823
183118104
66431988
793151004
0
1725891789
1848051840
2074797326
2098354007
1666890101
1357681796
2124802426
2063858603
1387267312
442482074
1853615116
